_TYPE_  X1   X2      X3      X4      X5      X6
STD     0.1226  0.1266  0.1405  0.1438  0.1187  0.1174
N       100     100     100     100     100     100
CORR    1.00000 0.60080 0.49840 0.19200 0.19590 0.34660
CORR    0.60080 1.00000 0.47490 0.21960 0.19120 0.29790
CORR    0.49840 0.47490 1.00000 0.20790 0.20100 0.24450
CORR    0.19200 0.21960 0.20790 1.00000 0.43340 0.31970
CORR    0.19590 0.19120 0.20100 0.43340 1.00000 0.42070
CORR    0.34660 0.29790 0.24450 0.31970 0.42070 1.00000